2layer600DNNwindow_size1training_data0.8
valid: 85.6902356902 % ± 2.41531709899 %
Test: 84.8695286195 % ± 3.2075360113 %
