2layer600DNNwindow_size1training_data0.9
valid: 86.3741582492 % ± 2.90693629096 %
Test: 85.2798821549 % ± 3.26276866873 %
