1layer400DNNwindow_size1training_data0.4
valid: 85.805976431 % ± 2.72140793945 %
Test: 84.8800505051 % ± 3.39532621453 %
