1layer400DNNwindow_size1training_data0.7
valid: 86.311026936 % ± 2.6896129306 %
Test: 85.2798821549 % ± 3.38742622455 %
