3layer600DNNwindow_size1training_data0.3
valid: 84.0909090909 % ± 3.44311722778 %
Test: 83.2175925926 % ± 3.31598019334 %
