2layer200DNNwindow_size1training_data0.7
valid: 86.4583333333 % ± 2.80490655196 %
Test: 85.3324915825 % ± 3.04193515435 %
