2layer400DNNwindow_size1training_data0.9
valid: 86.4372895623 % ± 3.11038753346 %
Test: 85.5218855219 % ± 3.2337299544 %
