3layer200DNNwindow_size1training_data0.9
valid: 86.7319023569 % ± 2.84386926461 %
Test: 85.0378787879 % ± 3.09343434343 %
