1layer100DNNwindow_size1training_data0.3
valid: 85.5218855219 % ± 3.19747619227 %
Test: 84.4486531987 % ± 3.29064294771 %
