3layer200DNNwindow_size1training_data0.2
valid: 82.6599326599 % ± 3.97161806531 %
Test: 81.3446969697 % ± 3.82557005241 %
