1layer600DNNwindow_size1training_data0.4
valid: 85.7428451178 % ± 2.77710014947 %
Test: 84.859006734 % ± 3.31227218175 %
