1layer200DNNwindow_size1training_data0.2
valid: 84.5854377104 % ± 3.23660450327 %
Test: 83.8068181818 % ± 3.19951836829 %
