1layer200DNNwindow_size1training_data0.8
valid: 86.2689393939 % ± 2.72892357911 %
Test: 85.2904040404 % ± 3.04277211548 %
