1layer600DNNwindow_size1training_data0.3
valid: 85.5429292929 % ± 2.81306500747 %
Test: 84.4381313131 % ± 3.07566790518 %
