2layer100DNNwindow_size1training_data1
valid: 87.0580808081 % ± 3.03720016854 %
Test: 86.1111111111 % ± 3.04244463637 %
