2layer600DNNwindow_size1training_data0.6
valid: 85.827020202 % ± 2.66762482308 %
Test: 84.9221380471 % ± 3.18102198187 %
