3layer400DNNwindow_size1training_data1
valid: 86.5425084175 % ± 2.80008705346 %
Test: 85.6271043771 % ± 2.67872409869 %
