3layer400DNNwindow_size1training_data0.2
valid: 84.0382996633 % ± 3.66925771961 %
Test: 83.6805555556 % ± 3.64169738948 %
