1layer400DNNwindow_size1training_data0.2
valid: 84.7432659933 % ± 3.11827931424 %
Test: 83.9856902357 % ± 3.2875125757 %
