1layer400DNNwindow_size1training_data1
valid: 86.6266835017 % ± 2.83977873759 %
Test: 85.7638888889 % ± 3.44369595158 %
