1layer200DNNwindow_size1training_data0.5
valid: 85.8901515152 % ± 2.69955577692 %
Test: 85.1430976431 % ± 3.24111650058 %
