2layer100DNNwindow_size1training_data0.6
valid: 85.8585858586 % ± 3.04506348311 %
Test: 85.1220538721 % ± 3.28144530785 %
