3layer600DNNwindow_size1training_data0.6
valid: 85.9532828283 % ± 3.0992266941 %
Test: 84.9010942761 % ± 3.40619941182 %
