2layer100DNNwindow_size1training_data0.3
valid: 84.7432659933 % ± 3.59639216919 %
Test: 83.5437710438 % ± 3.33216668782 %
