1layer400DNNwindow_size1training_data0.6
valid: 86.2373737374 % ± 2.83564326786 %
Test: 85.0273569024 % ± 3.39134587513 %
