1layer100DNNwindow_size1training_data0.8
valid: 86.4793771044 % ± 2.7090535003 %
Test: 85.6586700337 % ± 3.03854856952 %
