2layer600DNNwindow_size1training_data0.4
valid: 85.0694444444 % ± 2.92046300662 %
Test: 83.9962121212 % ± 3.29313165549 %
