3layer100DNNwindow_size1training_data0.7
valid: 85.321969697 % ± 3.38386194022 %
Test: 84.0698653199 % ± 3.19570986989 %
