3layer100DNNwindow_size1training_data0.5
valid: 84.375 % ± 3.38150549011 %
Test: 83.406986532 % ± 3.31267324796 %
