2layer100DNNwindow_size1training_data0.1
valid: 79.8400673401 % ± 3.84853695126 %
Test: 78.7668350168 % ± 3.95964150049 %
