3layer100DNNwindow_size1training_data0.1
valid: 76.9991582492 % ± 3.3986830359 %
Test: 76.3362794613 % ± 3.27779955644 %
