2layer200DNNwindow_size1training_data0.2
valid: 84.0277777778 % ± 3.5564284361 %
Test: 83.1123737374 % ± 3.71537298308 %
