3layer200DNNwindow_size1training_data0.1
valid: 78.8194444444 % ± 3.86263562335 %
Test: 77.9250841751 % ± 3.88589628796 %
