1layer600DNNwindow_size1training_data0.2
valid: 84.8695286195 % ± 2.7503009217 %
Test: 83.8278619529 % ± 3.05087509416 %
