3layer200DNNwindow_size1training_data0.8
valid: 85.9953703704 % ± 3.34996081409 %
Test: 85.3956228956 % ± 3.14098991049 %
