3layer400DNNwindow_size1training_data0.3
valid: 85.07996633 % ± 3.0155070411 %
Test: 84.154040404 % ± 3.65698723433 %
