3layer200DNNwindow_size1training_data0.5
valid: 85.3640572391 % ± 3.25604333448 %
Test: 84.353956229 % ± 3.50016812345 %
