1layer200DNNwindow_size1training_data0.6
valid: 86.6161616162 % ± 2.64474243253 %
Test: 85.2588383838 % ± 3.36140896767 %
