1layer100DNNwindow_size1training_data1
valid: 86.8160774411 % ± 3.08271494179 %
Test: 85.9217171717 % ± 3.12739042336 %
