1layer200DNNwindow_size1training_data0.4
valid: 85.9111952862 % ± 2.96171920636 %
Test: 84.859006734 % ± 3.21208884117 %
