3layer100DNNwindow_size1training_data0.2
valid: 81.5656565657 % ± 3.24558811465 %
Test: 80.9448653199 % ± 3.12126019008 %
