1layer100DNNwindow_size1training_data0.1
valid: 81.6077441077 % ± 3.38350203322 %
Test: 80.7554713805 % ± 3.64054198037 %
