2layer600DNNwindow_size1training_data0.1
valid: 82.3337542088 % ± 2.77925204475 %
Test: 81.5551346801 % ± 2.98951191823 %
