3layer400DNNwindow_size1training_data0.5
valid: 85.4377104377 % ± 2.82500379855 %
Test: 84.617003367 % ± 3.43532714133 %
