1layer600DNNwindow_size1training_data1
valid: 86.4583333333 % ± 2.69734030197 %
Test: 85.3324915825 % ± 3.21208884117 %
