3layer600DNNwindow_size1training_data0.7
valid: 84.9431818182 % ± 3.38445079638 %
Test: 84.7117003367 % ± 3.07116517697 %
