1layer600DNNwindow_size1training_data0.8
valid: 86.289983165 % ± 2.80269535213 %
Test: 85.1536195286 % ± 3.19290252597 %
