1layer400DNNwindow_size1training_data0.1
valid: 82.3127104377 % ± 2.72226211009 %
Test: 81.3762626263 % ± 3.2428239511 %
