3layer600DNNwindow_size1training_data0.5
valid: 85.4587542088 % ± 3.09218148431 %
Test: 84.4276094276 % ± 2.71798857251 %
