2layer600DNNwindow_size1training_data0.7
valid: 85.7954545455 % ± 2.88303503378 %
Test: 84.7327441077 % ± 3.26297225035 %
