2layer100DNNwindow_size1training_data0.5
valid: 85.7533670034 % ± 3.12072809965 %
Test: 84.7327441077 % ± 3.05413926559 %
