2layer200DNNwindow_size1training_data0.1
valid: 81.2920875421 % ± 3.42690558797 %
Test: 80.303030303 % ± 3.99302436407 %
