2layer600DNNwindow_size1training_data0.3
valid: 84.8063973064 % ± 2.76307198016 %
Test: 83.5542929293 % ± 2.61557228357 %
