1layer200DNNwindow_size1training_data0.7
valid: 86.4162457912 % ± 2.89479999171 %
Test: 85.5218855219 % ± 3.22354581687 %
