1layer400DNNwindow_size1training_data0.9
valid: 86.553030303 % ± 2.81129344422 %
Test: 85.4797979798 % ± 3.09407847345 %
