2layer100DNNwindow_size1training_data0.2
valid: 83.4490740741 % ± 3.4710103997 %
Test: 82.3547979798 % ± 3.67926129851 %
