3layer100DNNwindow_size1training_data0.3
valid: 82.922979798 % ± 3.74475664787 %
Test: 81.7234848485 % ± 3.64005538261 %
