2layer200DNNwindow_size1training_data0.8
valid: 86.6477272727 % ± 2.72928867692 %
Test: 85.8480639731 % ± 2.77674133812 %
