3layer600DNNwindow_size1training_data0.8
valid: 85.3956228956 % ± 2.98183626952 %
Test: 84.4486531987 % ± 3.25379846735 %
