2layer400DNNwindow_size1training_data0.8
valid: 86.1005892256 % ± 2.97815831402 %
Test: 85.07996633 % ± 3.09926241573 %
