1layer600DNNwindow_size1training_data0.6
valid: 86.0164141414 % ± 2.74312638667 %
Test: 85.0589225589 % ± 2.97815831402 %
