3layer200DNNwindow_size1training_data0.6
valid: 85.8901515152 % ± 3.09085648103 %
Test: 84.6485690236 % ± 3.37632862677 %
