1layer200DNNwindow_size1training_data1
valid: 86.8160774411 % ± 2.94281920983 %
Test: 85.805976431 % ± 3.31257298596 %
