2layer200DNNwindow_size1training_data0.5
valid: 85.8480639731 % ± 3.05653077582 %
Test: 85.0694444444 % ± 3.48596911421 %
