2layer400DNNwindow_size1training_data0.2
valid: 84.6064814815 % ± 3.16888728688 %
Test: 83.3648989899 % ± 3.6854847271 %
