2layer200DNNwindow_size1training_data1
valid: 86.8897306397 % ± 2.82653177015 %
Test: 86.1216329966 % ± 2.69331497043 %
