2layer400DNNwindow_size1training_data0.6
valid: 85.5955387205 % ± 2.57156259812 %
Test: 84.9326599327 % ± 3.23557817184 %
