2layer400DNNwindow_size1training_data0.5
valid: 85.7428451178 % ± 2.81381266596 %
Test: 84.5538720539 % ± 2.88560672235 %
