1layer600DNNwindow_size1training_data0.5
valid: 86.069023569 % ± 2.7631921808 %
Test: 85.0063131313 % ± 3.31784932916 %
