3layer200DNNwindow_size1training_data0.3
valid: 84.1224747475 % ± 3.09085648103 %
Test: 83.4175084175 % ± 3.1806043148 %
