2layer400DNNwindow_size1training_data0.4
valid: 85.5534511785 % ± 3.02869509341 %
Test: 84.5433501684 % ± 3.13082235437 %
