3layer100DNNwindow_size1training_data0.9
valid: 85.3745791246 % ± 3.14014387158 %
Test: 84.4486531987 % ± 3.21498273963 %
