3layer400DNNwindow_size1training_data0.8
valid: 85.827020202 % ± 2.57874220524 %
Test: 85.3324915825 % ± 3.01330342082 %
