1layer200DNNwindow_size1training_data0.3
valid: 85.5218855219 % ± 3.1122022807 %
Test: 84.2908249158 % ± 3.19279850287 %
