1layer100DNNwindow_size1training_data0.9
valid: 86.773989899 % ± 2.93577576353 %
Test: 85.5955387205 % ± 3.05533525469 %
