2layer200DNNwindow_size1training_data0.6
valid: 86.2584175084 % ± 2.91788409688 %
Test: 85.5113636364 % ± 2.93984569492 %
