3layer600DNNwindow_size1training_data0.2
valid: 84.2697811448 % ± 3.06965077784 %
Test: 83.3122895623 % ± 3.37288391147 %
