2layer400DNNwindow_size1training_data0.7
valid: 85.9427609428 % ± 2.56289460297 %
Test: 85.4692760943 % ± 3.25236910879 %
