3layer600DNNwindow_size1training_data0.9
valid: 85.7954545455 % ± 2.81306500747 %
Test: 84.9326599327 % ± 3.11859883008 %
