2layer200DNN_no_window
valid: 84.2793296056 % ± 3.82346627077 %
Test: 79.0484848485 % ± 0.701592050239 %
