2layer400DNNwindow_size1training_data0.3
valid: 85.4903198653 % ± 2.97481077212 %
Test: 84.3223905724 % ± 3.24715683897 %
