3layer200DNNwindow_size1training_data1
valid: 86.7213804714 % ± 2.71713305842 %
Test: 86.1531986532 % ± 2.94417323321 %
