3layer100DNNwindow_size1training_data0.6
valid: 84.4907407407 % ± 3.41223952573 %
Test: 83.5648148148 % ± 3.42632402819 %
