3layer200DNNwindow_size1training_data0.4
valid: 84.3223905724 % ± 3.29104664979 %
Test: 83.5753367003 % ± 4.11180962396 %
