1layer100DNNwindow_size1training_data0.4
valid: 85.9006734007 % ± 2.99406349093 %
Test: 84.7958754209 % ± 3.35610214442 %
