2layer200DNNwindow_size1training_data0.9
valid: 86.6792929293 % ± 3.11109932521 %
Test: 86.0374579125 % ± 3.09572397457 %
