3layer400DNNwindow_size1training_data0.7
valid: 86.1111111111 % ± 2.5535035879 %
Test: 85.1220538721 % ± 3.41972610535 %
