1layer200DNNwindow_size1training_data0.1
valid: 81.9444444444 % ± 3.21567137922 %
Test: 81.1868686869 % ± 3.33193410715 %
