1layer100DNNwindow_size1training_data0.2
valid: 84.9010942761 % ± 3.25726715536 %
Test: 83.912037037 % ± 3.36746366803 %
