2layer100DNNwindow_size1training_data0.8
valid: 86.4898989899 % ± 2.92659772386 %
Test: 85.7323232323 % ± 2.92932014094 %
