1layer600DNNwindow_size1training_data0.7
valid: 86.2373737374 % ± 2.82649260171 %
Test: 85.2062289562 % ± 3.32198438732 %
