3layer400DNNwindow_size1training_data0.1
valid: 81.4183501684 % ± 3.36874560354 %
Test: 80.765993266 % ± 3.60745726081 %
