3layer600DNNwindow_size1training_data0.4
valid: 85.0694444444 % ± 3.01216425204 %
Test: 83.7647306397 % ± 3.37741052597 %
