3layer600DNNwindow_size1training_data0.1
valid: 81.734006734 % ± 2.94947050643 %
Test: 80.7239057239 % ± 2.73005927863 %
