3layer100DNNwindow_size1training_data0.8
valid: 85.4903198653 % ± 3.35214128369 %
Test: 84.859006734 % ± 3.26897220439 %
