2layer400DNNwindow_size1training_data0.1
valid: 81.8813131313 % ± 3.38150549011 %
Test: 81.2605218855 % ± 3.20960628002 %
