3layer100DNNwindow_size1training_data1
valid: 85.7428451178 % ± 2.94530111052 %
Test: 84.8800505051 % ± 3.14803139244 %
