2layer400DNNwindow_size1training_data1
valid: 86.8055555556 % ± 2.65714589719 %
Test: 85.6481481481 % ± 2.88099908679 %
