1layer100DNNwindow_size1training_data0.6
valid: 86.4898989899 % ± 2.77598369519 %
Test: 85.343013468 % ± 3.25042825967 %
