2layer100DNNwindow_size1training_data0.7
valid: 86.289983165 % ± 3.1891555566 %
Test: 85.6691919192 % ± 3.12930144732 %
