1layer200DNNwindow_size1training_data0.9
valid: 86.5425084175 % ± 2.81463879428 %
Test: 85.563973064 % ± 3.17673829119 %
