1layer400DNNwindow_size1training_data0.5
valid: 85.9953703704 % ± 2.68417403621 %
Test: 84.9537037037 % ± 3.09904807976 %
