1layer600DNNwindow_size1training_data0.9
valid: 86.3215488215 % ± 2.87961535846 %
Test: 85.3851010101 % ± 2.97856720002 %
