1layer600DNNwindow_size1training_data0.1
valid: 82.1864478114 % ± 3.07094887996 %
Test: 81.5761784512 % ± 3.24838400782 %
