3layer200DNNwindow_size1training_data0.7
valid: 85.9322390572 % ± 2.93105813914 %
Test: 85.1851851852 % ± 3.03329736553 %
