3layer100DNNwindow_size1training_data0.4
valid: 83.4385521886 % ± 3.62426648452 %
Test: 82.5757575758 % ± 3.1757623347 %
