3layer400DNNwindow_size1training_data0.9
valid: 86.5845959596 % ± 2.84861469007 %
Test: 85.6691919192 % ± 3.17450709262 %
