1layer400DNNwindow_size1training_data0.8
valid: 86.3425925926 % ± 2.69430132196 %
Test: 85.2693602694 % ± 3.1095331683 %
