1layer100DNNwindow_size1training_data0.7
valid: 86.311026936 % ± 2.75910242157 %
Test: 85.2798821549 % ± 3.09443626552 %
