3layer400DNNwindow_size1training_data0.6
valid: 86.0164141414 % ± 2.82119987014 %
Test: 84.9326599327 % ± 3.40044159876 %
