3layer600DNNwindow_size1training_data1
valid: 86.2373737374 % ± 2.98090792117 %
Test: 85.563973064 % ± 2.84865355434 %
