2layer600DNNwindow_size1training_data0.2
valid: 83.7121212121 % ± 2.95708041127 %
Test: 83.2175925926 % ± 2.85482624278 %
