2layer600DNNwindow_size1training_data1
valid: 85.5218855219 % ± 2.58893981327 %
Test: 84.8063973064 % ± 3.27191730124 %
