2layer200DNNwindow_size1training_data0.3
valid: 85.07996633 % ± 3.44893219582 %
Test: 83.9436026936 % ± 3.0597889138 %
