2layer600DNNwindow_size1training_data0.5
valid: 85.5744949495 % ± 2.84651523172 %
Test: 84.638047138 % ± 3.37140652747 %
