1layer400DNNwindow_size1training_data0.3
valid: 85.4377104377 % ± 3.03121625082 %
Test: 84.4802188552 % ± 3.34966336735 %
