3layer400DNNwindow_size1training_data0.4
valid: 85.1536195286 % ± 3.11070785991 %
Test: 84.154040404 % ± 3.40616690915 %
