2layer100DNNwindow_size1training_data0.4
valid: 85.0904882155 % ± 3.67658228649 %
Test: 83.8594276094 % ± 3.3400316482 %
