2layer200DNNwindow_size1training_data0.4
valid: 85.3956228956 % ± 3.17318157618 %
Test: 84.353956229 % ± 3.01638803845 %
