2layer100DNNwindow_size1training_data0.9
valid: 86.8686868687 % ± 3.0131564555 %
Test: 86.0164141414 % ± 2.95370898113 %
