1layer100DNNwindow_size1training_data0.5
valid: 86.2268518519 % ± 2.98294990617 %
Test: 85.2272727273 % ± 3.25356028453 %
